Coupling
   6.331   5.951   4.853   5.668   9.597  13.966  21.427  13.966   9.597   5.668   4.853   5.951   6.331
   5.645   4.666   5.023   8.648  13.250  18.309  15.142   9.130   4.377   2.899   4.712   6.081   5.645
   4.333   3.457   5.621  10.432  15.718  18.485   9.208   2.179  -1.699   0.142   3.562   4.969   4.333
   2.604   2.194   5.158  10.530  15.330  11.107   2.546  -5.915  -6.721  -2.935   1.790   3.453   2.604
   0.248   0.513   3.309   8.556   9.372   3.675  -7.395 -11.367  -8.648  -4.273   0.026   0.904   0.248
  -1.219  -0.279   2.404   4.462   2.328  -5.560 -12.700 -12.308  -7.319  -2.714  -0.361  -0.648  -1.219
  -1.948  -0.646   0.771   0.653  -3.904 -10.815 -14.526 -10.815  -3.904   0.653   0.771  -0.646  -1.948
  -1.219  -0.648  -0.361  -2.714  -7.319 -12.308 -12.700  -5.560   2.328   4.462   2.404  -0.279  -1.219
   0.248   0.904   0.026  -4.273  -8.648 -11.367  -7.395   3.675   9.372   8.556   3.309   0.513   0.248
   2.604   3.453   1.790  -2.935  -6.721  -5.915   2.546  11.107  15.330  10.530   5.158   2.194   2.604
   4.333   4.969   3.562   0.142  -1.699   2.179   9.208  18.485  15.718  10.432   5.621   3.457   4.333
   5.645   6.081   4.712   2.899   4.377   9.130  15.142  18.309  13.250   8.648   5.023   4.666   5.645
   6.331   5.951   4.853   5.668   9.597  13.966  21.427  13.966   9.597   5.668   4.853   5.951   6.331
NtermShift
   0.404  -1.205   0.789  13.541  22.541  28.548  50.551  28.548  22.541  13.541   0.789  -1.205   0.404
  -1.887  -1.141   5.762  14.643  24.000  34.820  24.308  17.676  13.092   4.738  -2.997  -2.603  -1.887
  -3.387  -0.124   9.386  14.208  22.015  30.925  14.221  11.718   4.889   1.667  -3.653  -4.087  -3.387
  -0.069   8.421  13.625  15.852  21.411  21.014  14.828  -0.075  -0.872   6.685   0.784  -1.270  -0.069
   6.132  14.360  15.442  17.498  21.387  17.706  -2.303  -8.094  -4.944   4.026  -7.002   2.536   6.132
  10.251   3.635   9.426  13.395  13.176  -0.075  -7.130  -7.167  -3.443   4.315   3.121   5.735  10.251
  -7.081   7.816   6.365   5.061   1.329  -4.588  -5.550  -4.588   1.329   5.061   6.365   7.816  -7.081
  10.251   5.735   3.121   4.315  -3.443  -7.167  -7.130  -0.075  13.176  13.395   9.426   3.635  10.251
   6.132   2.536  -7.002   4.026  -4.944  -8.094  -2.303  17.706  21.387  17.498  15.442  14.360   6.132
  -0.069  -1.270   0.784   6.685  -0.872  -0.075  14.828  21.014  21.411  15.852  13.625   8.421  -0.069
  -3.387  -4.087  -3.653   1.667   4.889  11.718  14.221  30.925  22.015  14.208   9.386  -0.124  -3.387
  -1.887  -2.603  -2.997   4.738  13.092  17.676  24.308  34.820  24.000  14.643   5.762  -1.141  -1.887
   0.404  -1.205   0.789  13.541  22.541  28.548  50.551  28.548  22.541  13.541   0.789  -1.205   0.404
CtermShift
 -13.410  -9.262  -0.184   8.535  17.984  30.352  48.440  30.352  17.984   8.535  -0.184  -9.262 -13.410
 -10.729  -3.802   3.846  14.153  26.874  41.926  34.992  16.279   5.857   1.667  -5.281 -11.611 -10.729
  -4.913   0.205   4.514  16.736  31.155  35.848  19.171   5.586  -5.799  -8.260  -8.499  -8.982  -4.913
  -0.695  -0.631   6.910  16.212  24.955  20.718  10.336  -4.799 -20.484 -22.949 -10.223  -4.079  -0.695
   3.455   2.482   7.735  15.208  13.495   9.584  -4.401 -22.259 -30.507 -27.853   2.842   1.872   3.455
  10.288  16.772  16.805  13.984   7.758  -6.108 -18.810 -25.888 -28.228 -13.221   5.214   9.661  10.288
   1.788  15.052  12.962   6.891 -11.364 -22.800 -22.201 -22.800 -11.364   6.891  12.962  15.052   1.788
  10.288   9.661   5.214 -13.221 -28.228 -25.888 -18.810  -6.108   7.758  13.984  16.805  16.772  10.288
   3.455   1.872   2.842 -27.853 -30.507 -22.259  -4.401   9.584  13.495  15.208   7.735   2.482   3.455
  -0.695  -4.079 -10.223 -22.949 -20.484  -4.799  10.336  20.718  24.955  16.212   6.910  -0.631  -0.695
  -4.913  -8.982  -8.499  -8.260  -5.799   5.586  19.171  35.848  31.155  16.736   4.514   0.205  -4.913
 -10.729 -11.611  -5.281   1.667   5.857  16.279  34.992  41.926  26.874  14.153   3.846  -3.802 -10.729
 -13.410  -9.262  -0.184   8.535  17.984  30.352  48.440  30.352  17.984   8.535  -0.184  -9.262 -13.410
Coupling_transGly_transPro
   5.765   5.444   4.262   5.058   9.114  13.152  18.651  13.183   9.159   5.086   4.202   5.407   5.765
   5.052   4.118   4.117   7.414  12.171  16.590  13.716   8.429   4.115   2.424   4.031   5.383   5.052
   3.526   2.593   4.175   9.104  14.427  15.781   7.791   1.959  -1.690  -0.629   2.642   4.136   3.526
   1.799   1.195   4.000   9.337  14.582   9.951   2.841  -3.127  -4.542  -2.045   1.000   2.161   1.799
  -0.618  -0.390   3.286   7.791   9.671   4.426  -1.623  -6.203  -5.290  -3.066  -1.331   0.551  -0.618
  -1.784  -1.484   1.242   3.767   2.672  -1.847  -6.616  -8.415  -4.873  -2.965  -1.748  -1.584  -1.784
  -2.466  -2.250  -0.997  -0.874  -2.645  -6.163  -9.053  -5.280  -2.308  -0.963  -0.913  -2.061  -2.466
  -1.734  -1.738  -1.896  -3.265  -5.315  -7.657  -6.384  -1.999   2.366   3.335   1.150  -1.690  -1.734
  -0.601   0.553  -1.286  -3.452  -4.467  -6.295  -1.823   4.230   9.377   7.999   3.570   0.366  -0.601
   1.729   2.172   1.057  -1.725  -4.282  -3.406   2.817  10.047  14.741   9.237   3.897   1.124   1.729
   3.501   4.094   2.705  -0.583  -1.701   1.698   7.707  15.491  14.670   9.039   4.216   2.453   3.501
   5.067   5.422   4.120   2.408   3.835   8.156  13.495  16.545  12.143   7.391   4.086   4.103   5.067
   5.765   5.444   4.262   5.058   9.114  13.152  18.651  13.183   9.159   5.086   4.202   5.407   5.765
NtermShift_transGly_transPro
 -18.244 -18.247 -16.216  -6.350   1.972   6.779  28.917   8.066   2.756  -6.406 -15.684 -17.604 -18.244
 -20.861 -19.701 -14.505  -5.156   2.887  16.714   0.907  -4.097  -6.459 -14.591 -19.533 -20.057 -20.861
 -24.124 -21.660 -12.547  -7.095   1.785   7.184  -7.109 -10.720 -19.124 -21.689 -22.100 -23.758 -24.124
 -17.639 -11.963  -6.547  -3.193   5.007   1.845  -5.061 -19.304 -31.808 -30.962 -23.364 -18.960 -17.639
 -13.420  -5.571  -7.447  -4.044   0.797  -3.227 -12.371 -29.643 -46.483 -38.614 -21.955 -16.335 -13.420
 -13.670  -9.495 -17.737 -14.872 -14.252 -18.880 -28.400 -53.463 -51.275 -36.612 -21.220 -18.378 -13.670
 -24.293 -30.212 -29.405 -29.784 -32.041 -36.806 -47.874 -37.465 -35.025 -29.952 -26.625 -27.031 -24.293
 -13.830 -21.418 -23.928 -36.990 -46.915 -55.228 -27.376 -22.363 -18.077 -19.701 -22.970 -28.356 -13.830
 -13.054 -17.089 -23.269 -40.240 -38.503 -23.604 -12.301  -4.619  -0.682  -3.938  -7.270  -4.075 -13.054
 -16.011 -18.107 -21.920 -29.219 -32.161 -18.229  -2.748   3.487   6.752  -1.454  -4.701  -9.847 -16.011
 -23.396 -23.776 -22.816 -22.872 -20.774 -10.647  -6.112   7.159   2.365  -6.918 -12.473 -21.592 -23.396
 -23.740 -22.409 -22.032 -17.170 -10.456  -6.645  -0.407  15.812   2.055  -6.473 -15.995 -22.391 -23.740
 -18.244 -18.247 -16.216  -6.350   1.972   6.779  28.917   8.066   2.756  -6.406 -15.684 -17.604 -18.244
CtermShift_transGly_transPro
 -15.938 -13.013  -4.354   5.090  13.263  28.016  46.237  27.838  13.099   5.198  -4.244 -13.076 -15.938
 -13.915  -6.498   0.254   9.991  23.245  40.588  31.279   9.930  -0.225  -3.154 -10.283 -14.375 -13.915
  -6.199  -0.263   3.081  15.174  30.194  31.358  10.172  -1.928  -6.729 -12.033 -13.327 -11.572  -6.199
   0.352   0.105   4.420  14.970  21.774  13.012   3.450   5.271   1.976  -7.341 -10.936  -6.403   0.352
  -0.222  -0.206   6.108   8.580   7.515   4.165   8.503  13.362  11.065  -2.323 -10.336  -3.345  -0.222
   0.744   2.227   7.081   4.136  -0.429   6.296  12.380  18.709  -5.031  -9.101  -7.508  -1.593   0.744
   4.778   5.484   2.427  -3.373  -1.682   6.734  16.700   2.777  -5.237  -7.812   0.171   3.662   4.778
   2.029  -0.322  -4.721  -4.902  -0.056  10.681   8.554   3.731  -0.884   4.381   7.283   8.046   2.029
   1.291  -2.109  -6.556  -1.407   5.146  10.462   6.778   5.816   8.069   9.383   7.238   1.644   1.291
  -0.218  -7.095 -13.814  -9.998   1.074   4.979   4.001  14.471  21.035  15.657   5.060   0.680  -0.218
  -6.746 -11.728 -14.887 -14.452  -8.006  -2.379  10.348  31.761  30.174  15.712   2.782  -1.097  -6.746
 -13.532 -14.744 -10.412  -3.786  -1.733   9.564  29.777  40.552  23.263  10.321   0.164  -6.947 -13.532
 -15.938 -13.013  -4.354   5.090  13.263  28.016  46.237  27.838  13.099   5.198  -4.244 -13.076 -15.938
Coupling_cisGly_transPro
  -2.863  -2.093   0.813   3.589   4.824   4.785   2.207   4.759   4.784   3.581   0.808  -2.095  -2.863
  -2.914  -2.216   1.277   3.119   4.993   3.923   2.382   4.122   3.974   2.903   0.370  -1.887  -2.914
  -2.512  -1.374   0.652   2.316   3.630   1.619   1.077   2.053   3.567   1.875  -0.238  -1.575  -2.512
  -1.110  -0.095   0.828   1.471   1.279  -0.301   0.145  -0.487   2.818   0.807  -0.271  -0.818  -1.110
  -0.290   0.722   0.828   0.909   0.510  -0.856  -1.078   0.097   0.966  -0.997  -0.746  -0.745  -0.290
  -0.292   0.451   0.546   0.582  -0.666  -1.583  -0.991   0.657  -1.941  -1.991  -1.227  -0.821  -0.292
  -0.650  -0.708  -0.416  -0.609  -1.191  -1.398  -0.726  -1.207  -1.101  -0.982  -0.595  -0.716  -0.650
  -0.238  -0.728  -1.002  -1.682  -1.523  -1.376  -0.704  -1.306  -0.603   0.559   0.595  -0.278  -0.238
  -0.213  -0.599  -0.525  -0.725   1.024   0.065  -0.789  -0.549   0.802   0.996   0.889   0.879  -0.213
  -1.063  -0.736  -0.226   0.842   2.963  -0.444   0.222   0.283   1.286   1.534   0.777   0.100  -1.063
  -2.357  -1.441   0.235   1.933   3.556   1.763   1.107   1.627   3.612   2.324   0.712  -1.238  -2.357
  -2.870  -1.823   0.415   2.917   3.956   3.999   2.309   3.969   4.997   3.059   1.259  -2.190  -2.870
  -2.863  -2.093   0.813   3.589   4.824   4.785   2.207   4.759   4.784   3.581   0.808  -2.095  -2.863
NtermShift_cisGly_transPro
  -5.680  -5.099  -2.354   4.740   4.692   5.213   5.287   4.647   3.873   3.917  -2.487  -4.822  -5.680
  -9.187  -6.835  -0.978   0.038  -0.246   1.985  -3.866  -0.597  -0.085  -3.900  -8.138  -7.903  -9.187
 -14.096 -12.096  -7.418 -11.340  -9.392  -7.219 -12.771 -10.701 -12.424 -16.255 -15.802 -14.763 -14.096
 -10.281  -5.566 -10.381 -15.172 -16.572 -11.896 -13.204 -12.922 -23.842 -25.338 -19.540 -12.873 -10.281
 -10.698  -5.651 -16.195 -18.893 -17.455 -12.474 -13.896 -13.796 -39.664 -27.903 -18.685 -13.641 -10.698
 -15.883 -13.372 -23.567 -21.804 -19.864 -17.592 -18.539 -26.998 -40.363 -33.732 -22.852 -18.286 -15.883
 -28.619 -32.234 -29.847 -27.896 -26.432 -27.658 -26.831 -28.215 -29.259 -31.120 -29.699 -29.757 -28.619
 -17.391 -23.388 -27.621 -33.259 -36.722 -41.347 -18.573 -19.094 -22.658 -24.861 -27.560 -31.591 -17.391
 -11.056 -14.649 -20.133 -30.711 -44.562 -11.617 -12.820 -12.467 -16.472 -19.634 -17.273  -4.408 -11.056
  -9.020 -12.308 -18.277 -23.898 -21.642  -9.832  -9.354 -10.552 -15.153 -14.377  -9.998  -3.661  -9.020
 -13.833 -15.094 -16.668 -16.172 -12.698 -10.655 -12.358  -7.105  -9.866 -11.269  -7.027 -12.160 -13.833
 -12.027 -11.246  -9.990  -5.741  -2.741  -2.986  -6.380   0.288  -2.773  -2.446  -2.700 -10.149 -12.027
  -5.680  -5.099  -2.354   4.740   4.692   5.213   5.287   4.647   3.873   3.917  -2.487  -4.822  -5.680
CtermShift_cisGly_transPro
  -6.380  -5.818  -5.343  -0.750   1.617  -2.062 -14.099  -1.361   1.724  -0.947  -5.230  -5.790  -6.380
  -6.111  -3.086  -6.243  -4.340  -2.727  -5.455 -12.826  -2.948   1.698  -3.180  -8.584  -9.238  -6.111
  -4.958  -3.326 -10.653  -8.907  -9.624 -15.114 -22.019 -12.357  -2.804  -9.065 -11.838 -10.582  -4.958
  -3.686 -10.039 -12.709 -11.132 -10.188 -19.862 -28.082 -27.262 -10.599 -16.822 -14.035 -10.638  -3.686
  -4.821  -8.666 -12.762 -11.180 -11.212 -16.320 -23.894 -24.259  -7.767 -19.633 -16.190 -12.269  -4.821
  -5.311  -7.052 -12.070 -10.590 -12.515 -16.490 -19.370 -10.335  -9.854 -12.940 -15.893 -11.829  -5.311
  -4.725  -9.201 -12.852 -11.672 -10.136 -13.300 -15.090 -19.402 -13.308 -14.660 -14.676 -10.623  -4.725
  -4.237 -10.391 -15.605 -12.546  -8.092  -9.317 -25.415 -17.547 -12.982 -11.774 -12.224  -9.570  -4.237
  -3.706 -11.605 -16.219 -20.321 -11.600 -28.499 -24.779 -16.215 -12.300  -9.599 -11.323  -6.583  -3.706
  -3.347 -10.562 -14.648 -16.825 -10.793 -27.479 -27.540 -20.281  -9.956 -11.111 -12.521  -9.273  -3.347
  -4.925 -10.965 -13.544  -9.924  -3.377 -14.456 -21.636 -15.024  -8.811  -8.610 -10.535  -2.721  -4.925
  -6.389  -9.349  -8.850  -2.804   1.777  -3.851 -14.852  -5.111  -3.370  -4.310  -6.477  -3.318  -6.389
  -6.380  -5.818  -5.343  -0.750   1.617  -2.062 -14.099  -1.361   1.724  -0.947  -5.230  -5.790  -6.380
Coupling_transPro_transGly
   3.765   3.525   4.125   6.461  10.345  13.571  19.135  14.977   9.784   4.678   0.000   0.000   3.765
   1.961   2.115   4.830   9.626  13.898  16.663  14.309   9.303   3.425  -0.255   0.000   0.000   1.961
   0.774   1.611   5.419  11.466  15.913  16.098   8.670   1.925  -3.430  -4.749   0.000   0.000   0.774
   0.482   1.341   5.359  11.250  14.511  10.039   2.249  -5.013 -11.156  -7.987   0.000   0.000   0.482
  -0.723   0.134   3.069   7.746   8.544   3.088  -5.447 -12.001 -11.156  -8.466   0.000   0.000  -0.723
  -1.019  -0.471   2.021   4.080   2.223  -4.672 -12.287 -13.791 -11.156  -6.465   0.000   0.000  -1.019
   0.382   0.329   1.051   0.625  -3.549  -9.150 -13.347 -12.134  -7.520  -1.419   0.000   0.000   0.382
   1.339   0.877   0.246  -2.751  -6.225  -9.921 -11.469  -7.024   0.280   3.739   0.000   0.000   1.339
   2.533   2.114   0.615  -4.143  -7.702  -9.736   1.306   1.460   1.805   1.434   0.000   0.000   2.533
   4.225   3.995   1.560  -3.899  -6.794  -4.814   1.675   2.126   1.641   0.835   0.000   0.000   4.225
   5.396   4.974   2.627  -1.106  -1.701   2.149   2.971   2.279   1.425   0.168   0.000   0.000   5.396
   5.474   4.874   3.444   2.677   4.578   8.267  13.740  17.843  13.692   9.060   0.000   0.000   5.474
   3.765   3.525   4.125   6.461  10.345  13.571  19.135  14.977   9.784   4.678   0.000   0.000   3.765
Coupling_transDPro_transGly
   3.765   0.000   0.000   4.678   9.784  14.977  19.135  13.571  10.345   6.461   4.125   3.525   3.765
   5.474   0.000   0.000   9.060  13.692  17.843  13.740   8.267   4.578   2.677   3.444   4.874   5.474
   5.396   0.000   0.000   0.168   1.425   2.279   2.971   2.149  -1.701  -1.106   2.627   4.974   5.396
   4.225   0.000   0.000   0.835   1.641   2.126   1.675  -4.814  -6.794  -3.899   1.560   3.995   4.225
   2.533   0.000   0.000   1.434   1.805   1.460   1.306  -9.736  -7.702  -4.143   0.615   2.114   2.533
   1.339   0.000   0.000   3.739   0.280  -7.024 -11.469  -9.921  -6.225  -2.751   0.246   0.877   1.339
   0.382   0.000   0.000  -1.419  -7.520 -12.134 -13.347  -9.150  -3.549   0.625   1.051   0.329   0.382
  -1.019   0.000   0.000  -6.465 -11.156 -13.791 -12.287  -4.672   2.223   4.080   2.021  -0.471  -1.019
  -0.723   0.000   0.000  -8.466 -11.156 -12.001  -5.447   3.088   8.544   7.746   3.069   0.134  -0.723
   0.482   0.000   0.000  -7.987 -11.156  -5.013   2.249  10.039  14.511  11.250   5.359   1.341   0.482
   0.774   0.000   0.000  -4.749  -3.430   1.925   8.670  16.098  15.913  11.466   5.419   1.611   0.774
   1.961   0.000   0.000  -0.255   3.425   9.303  14.309  16.663  13.898   9.626   4.830   2.115   1.961
   3.765   0.000   0.000   4.678   9.784  14.977  19.135  13.571  10.345   6.461   4.125   3.525   3.765
NtermShift_transPro_transGly
  -3.256  -1.566   2.221   7.159   7.802   9.159  36.706  20.503  15.100  14.881   0.000   0.000  -3.256
 -16.478  -6.676  -2.269   3.345   5.983  14.644   9.406   3.159   8.423  11.095   0.000   0.000 -16.478
 -23.683  -7.731  -2.114   2.893   9.797   9.708   1.419   0.857   2.848   8.459   0.000   0.000 -23.683
 -31.626 -10.813  -2.715   4.353  11.807   6.790   3.932  -2.409 -16.904   6.437   0.000   0.000 -31.626
 -35.368 -19.333  -8.075   4.555  12.435  10.223  -4.971 -13.766 -16.904   0.131   0.000   0.000 -35.368
 -31.521 -14.393  -3.331   3.598   5.174  -8.439 -17.232 -17.404 -16.904  -6.701   0.000   0.000 -31.521
 -11.446  -5.295  -3.642  -4.420 -11.461 -19.213 -18.826 -19.486 -18.036  -7.836   0.000   0.000 -11.446
  -0.017  -3.619  -7.253  -8.451 -18.649 -23.769 -22.703 -18.480  -2.541   1.879   0.000   0.000  -0.017
   0.691  -3.884  -4.153  -5.890 -19.255 -18.624  -0.797  -3.520  -0.458  -1.621   0.000   0.000   0.691
  -2.080  -8.344  -3.355  -0.906  -9.991  -6.474  -0.097  -1.017  -3.214  -3.601   0.000   0.000  -2.080
  -6.491  -9.578  -6.955  -2.877  -4.015   0.433   0.238  -1.163  -0.328  -0.495   0.000   0.000  -6.491
  -3.645  -4.000  -3.325   0.531   2.122   0.808   8.754  28.480  23.729  18.829   0.000   0.000  -3.645
  -3.256  -1.566   2.221   7.159   7.802   9.159  36.706  20.503  15.100  14.881   0.000   0.000  -3.256
NtermShift_transDPro_transGly
  -3.256   0.000   0.000  14.881  15.100  20.503  36.706   9.159   7.802   7.159   2.221  -1.566  -3.256
  -3.645   0.000   0.000  18.829  23.729  28.480   8.754   0.808   2.122   0.531  -3.325  -4.000  -3.645
  -6.491   0.000   0.000  -0.495  -0.328  -1.163   0.238   0.433  -4.015  -2.877  -6.955  -9.578  -6.491
  -2.080   0.000   0.000  -3.601  -3.214  -1.017  -0.097  -6.474  -9.991  -0.906  -3.355  -8.344  -2.080
   0.691   0.000   0.000  -1.621  -0.458  -3.520  -0.797 -18.624 -19.255  -5.890  -4.153  -3.884   0.691
  -0.017   0.000   0.000   1.879  -2.541 -18.480 -22.703 -23.769 -18.649  -8.451  -7.253  -3.619  -0.017
 -11.446   0.000   0.000  -7.836 -18.036 -19.486 -18.826 -19.213 -11.461  -4.420  -3.642  -5.295 -11.446
 -31.521   0.000   0.000  -6.701 -16.904 -17.404 -17.232  -8.439   5.174   3.598  -3.331 -14.393 -31.521
 -35.368   0.000   0.000   0.131 -16.904 -13.766  -4.971  10.223  12.435   4.555  -8.075 -19.333 -35.368
 -31.626   0.000   0.000   6.437 -16.904  -2.409   3.932   6.790  11.807   4.353  -2.715 -10.813 -31.626
 -23.683   0.000   0.000   8.459   2.848   0.857   1.419   9.708   9.797   2.893  -2.114  -7.731 -23.683
 -16.478   0.000   0.000  11.095   8.423   3.159   9.406  14.644   5.983   3.345  -2.269  -6.676 -16.478
  -3.256   0.000   0.000  14.881  15.100  20.503  36.706   9.159   7.802   7.159   2.221  -1.566  -3.256
CtermShift_transPro_transGly
   3.174  -6.894  -8.562  -4.033   1.427   5.830  42.445  29.234  24.466  22.249   0.000   0.000   3.174
   4.451  -3.480  -5.104   2.888  12.705  18.258  24.642   8.930   6.940  13.231   0.000   0.000   4.451
  11.910   3.114   1.210  10.957  21.869  29.343   8.740  -1.976   0.103   4.521   0.000   0.000  11.910
  18.760  10.882   5.599  13.627  18.204  10.454  -0.580  -5.473 -27.253  -8.834   0.000   0.000  18.760
  20.057  12.054  10.108  11.419   3.276  -5.264 -11.231 -23.435 -27.253 -17.703   0.000   0.000  20.057
  23.260  13.536  10.420   6.658  -5.007 -20.516 -29.228 -32.581 -27.253 -12.551   0.000   0.000  23.260
  22.801  10.647   6.371  -1.564 -26.038 -38.499 -33.913 -33.031 -18.851  18.019   0.000   0.000  22.801
  21.377   7.111  -4.046 -30.833 -42.616 -44.009 -31.627 -22.799  12.372  28.511   0.000   0.000  21.377
  16.770  -0.132 -21.611 -41.658 -43.794 -40.257 -28.075 -16.375  10.988  32.939   0.000   0.000  16.770
  11.455  -4.913 -22.733 -35.759 -34.278 -18.013 -24.831  -8.522   9.377  26.794   0.000   0.000  11.455
   7.276  -6.627 -16.484 -20.969 -20.435 -12.137 -11.902  -6.848   2.780  18.145   0.000   0.000   7.276
   4.775  -7.767 -11.507 -11.532 -12.089  -8.488  14.831  37.496  40.094  35.660   0.000   0.000   4.775
   3.174  -6.894  -8.562  -4.033   1.427   5.830  42.445  29.234  24.466  22.249   0.000   0.000   3.174
CtermShift_transDPro_transGly
   3.174   0.000   0.000  22.249  24.466  29.234  42.445   5.830   1.427  -4.033  -8.562  -6.894   3.174
   4.775   0.000   0.000  35.660  40.094  37.496  14.831  -8.488 -12.089 -11.532 -11.507  -7.767   4.775
   7.276   0.000   0.000  18.145   2.780  -6.848 -11.902 -12.137 -20.435 -20.969 -16.484  -6.627   7.276
  11.455   0.000   0.000  26.794   9.377  -8.522 -24.831 -18.013 -34.278 -35.759 -22.733  -4.913  11.455
  16.770   0.000   0.000  32.939  10.988 -16.375 -28.075 -40.257 -43.794 -41.658 -21.611  -0.132  16.770
  21.377   0.000   0.000  28.511  12.372 -22.799 -31.627 -44.009 -42.616 -30.833  -4.046   7.111  21.377
  22.801   0.000   0.000  18.019 -18.851 -33.031 -33.913 -38.499 -26.038  -1.564   6.371  10.647  22.801
  23.260   0.000   0.000 -12.551 -27.253 -32.581 -29.228 -20.516  -5.007   6.658  10.420  13.536  23.260
  20.057   0.000   0.000 -17.703 -27.253 -23.435 -11.231  -5.264   3.276  11.419  10.108  12.054  20.057
  18.760   0.000   0.000  -8.834 -27.253  -5.473  -0.580  10.454  18.204  13.627   5.599  10.882  18.760
  11.910   0.000   0.000   4.521   0.103  -1.976   8.740  29.343  21.869  10.957   1.210   3.114  11.910
   4.451   0.000   0.000  13.231   6.940   8.930  24.642  18.258  12.705   2.888  -5.104  -3.480   4.451
   3.174   0.000   0.000  22.249  24.466  29.234  42.445   5.830   1.427  -4.033  -8.562  -6.894   3.174
Coupling_cisPro_transGly
   0.962  -0.196   0.674   2.330   4.919   5.441   3.084   2.482   1.253  -0.216   0.000   0.000   0.962
  -0.473  -1.485  -0.403   1.919   5.265   4.812   2.458   1.855   0.425  -0.420   0.000   0.000  -0.473
  -1.678  -2.178  -0.785   1.139   3.675   2.286   1.576   0.742  -0.394  -0.541   0.000   0.000  -1.678
  -1.795  -1.755  -0.414   0.779   1.778   0.947   0.686  -0.447  -0.519  -0.133   0.000   0.000  -1.795
  -1.548  -0.918   0.177   0.907   1.099   0.506  -0.795  -0.383   0.237   0.037   0.000   0.000  -1.548
  -0.686   0.317   1.194   1.519   0.748  -0.937  -0.845  -0.285  -0.179   1.199   0.000   0.000  -0.686
   0.488   1.434   2.145   1.924   0.459  -1.232  -0.802  -0.370   1.043   1.711   0.000   0.000   0.488
   1.418   2.029   2.475   1.593  -0.618  -0.995   0.869   1.136   1.539   1.625   0.000   0.000   1.418
   2.400   2.307   2.049   1.359   0.382   1.484   1.282   1.596   1.795   1.411   0.000   0.000   2.400
   2.767   2.228   2.071   2.245   3.199   2.355   1.629   2.099   1.707   0.866   0.000   0.000   2.767
   2.463   1.661   1.724   2.351   3.404   3.439   3.067   2.258   1.401   0.583   0.000   0.000   2.463
   1.828   0.913   1.223   2.309   3.849   4.941   3.645   2.114   1.491   0.289   0.000   0.000   1.828
   0.962  -0.196   0.674   2.330   4.919   5.441   3.084   2.482   1.253  -0.216   0.000   0.000   0.962
Coupling_cisDPro_transGly
   0.962   0.000   0.000  -0.216   1.253   2.482   3.084   5.441   4.919   2.330   0.674  -0.196   0.962
   1.828   0.000   0.000   0.289   1.491   2.114   3.645   4.941   3.849   2.309   1.223   0.913   1.828
   2.463   0.000   0.000   0.583   1.401   2.258   3.067   3.439   3.404   2.351   1.724   1.661   2.463
   2.767   0.000   0.000   0.866   1.707   2.099   1.629   2.355   3.199   2.245   2.071   2.228   2.767
   2.400   0.000   0.000   1.411   1.795   1.596   1.282   1.484   0.382   1.359   2.049   2.307   2.400
   1.418   0.000   0.000   1.625   1.539   1.136   0.869  -0.995  -0.618   1.593   2.475   2.029   1.418
   0.488   0.000   0.000   1.711   1.043  -0.370  -0.802  -1.232   0.459   1.924   2.145   1.434   0.488
  -0.686   0.000   0.000   1.199  -0.179  -0.285  -0.845  -0.937   0.748   1.519   1.194   0.317  -0.686
  -1.548   0.000   0.000   0.037   0.237  -0.383  -0.795   0.506   1.099   0.907   0.177  -0.918  -1.548
  -1.795   0.000   0.000  -0.133  -0.519  -0.447   0.686   0.947   1.778   0.779  -0.414  -1.755  -1.795
  -1.678   0.000   0.000  -0.541  -0.394   0.742   1.576   2.286   3.675   1.139  -0.785  -2.178  -1.678
  -0.473   0.000   0.000  -0.420   0.425   1.855   2.458   4.812   5.265   1.919  -0.403  -1.485  -0.473
   0.962   0.000   0.000  -0.216   1.253   2.482   3.084   5.441   4.919   2.330   0.674  -0.196   0.962
NtermShift_cisPro_transGly
   7.202   7.061   7.764   7.494   5.795   6.097   7.509   7.030   3.224   4.843   0.000   0.000   7.202
  -8.543   0.652  -0.197  -3.384  -1.688  -0.121  -6.947  -6.025   0.485   8.268   0.000   0.000  -8.543
 -19.380  -5.212  -7.101 -10.064  -3.665  -5.034  -9.599  -6.389  -1.323   7.032   0.000   0.000 -19.380
 -30.583 -14.933 -11.893 -13.115  -7.243  -5.415  -6.229  -4.793  -2.358   2.055   0.000   0.000 -30.583
 -39.467 -24.612 -15.397  -9.554  -3.204  -1.270  -2.343  -5.426 -10.481 -12.858   0.000   0.000 -39.467
 -33.676 -16.750  -7.172  -2.410  -1.578  -5.765  -8.758 -16.263 -25.957 -13.552   0.000   0.000 -33.676
 -13.256  -5.520  -4.168  -4.398  -7.747 -15.842 -23.374 -20.688 -14.274  -5.785   0.000   0.000 -13.256
   1.304   0.222  -3.758  -7.267 -16.407 -27.477 -12.407  -7.215  -3.922  -3.103   0.000   0.000   1.304
   4.998   2.351  -2.554  -6.801 -14.867 -17.906  -1.358  -1.162  -0.504  -2.086   0.000   0.000   4.998
   3.757  -1.849  -2.367  -2.557  -7.727  -3.107  -1.127  -1.218  -2.854  -2.782   0.000   0.000   3.757
   1.029  -2.294  -2.152  -0.502  -2.353  -1.065  -0.413  -1.170  -0.272   1.955   0.000   0.000   1.029
   5.464   4.987   4.182   5.823   4.630   4.606   2.346   6.150  12.372  10.163   0.000   0.000   5.464
   7.202   7.061   7.764   7.494   5.795   6.097   7.509   7.030   3.224   4.843   0.000   0.000   7.202
NtermShift_cisDPro_transGly
   7.202   0.000   0.000   4.843   3.224   7.030   7.509   6.097   5.795   7.494   7.764   7.061   7.202
   5.464   0.000   0.000  10.163  12.372   6.150   2.346   4.606   4.630   5.823   4.182   4.987   5.464
   1.029   0.000   0.000   1.955  -0.272  -1.170  -0.413  -1.065  -2.353  -0.502  -2.152  -2.294   1.029
   3.757   0.000   0.000  -2.782  -2.854  -1.218  -1.127  -3.107  -7.727  -2.557  -2.367  -1.849   3.757
   4.998   0.000   0.000  -2.086  -0.504  -1.162  -1.358 -17.906 -14.867  -6.801  -2.554   2.351   4.998
   1.304   0.000   0.000  -3.103  -3.922  -7.215 -12.407 -27.477 -16.407  -7.267  -3.758   0.222   1.304
 -13.256   0.000   0.000  -5.785 -14.274 -20.688 -23.374 -15.842  -7.747  -4.398  -4.168  -5.520 -13.256
 -33.676   0.000   0.000 -13.552 -25.957 -16.263  -8.758  -5.765  -1.578  -2.410  -7.172 -16.750 -33.676
 -39.467   0.000   0.000 -12.858 -10.481  -5.426  -2.343  -1.270  -3.204  -9.554 -15.397 -24.612 -39.467
 -30.583   0.000   0.000   2.055  -2.358  -4.793  -6.229  -5.415  -7.243 -13.115 -11.893 -14.933 -30.583
 -19.380   0.000   0.000   7.032  -1.323  -6.389  -9.599  -5.034  -3.665 -10.064  -7.101  -5.212 -19.380
  -8.543   0.000   0.000   8.268   0.485  -6.025  -6.947  -0.121  -1.688  -3.384  -0.197   0.652  -8.543
   7.202   0.000   0.000   4.843   3.224   7.030   7.509   6.097   5.795   7.494   7.764   7.061   7.202
CtermShift_cisPro_transGly
  24.762   7.280  -2.813  -3.980  -2.917   2.812  -0.847 -20.376  -1.301  23.437   0.000   0.000  24.762
  22.574   6.958  -2.677  -7.669 -10.816   1.474 -25.793 -16.953   2.113  24.718   0.000   0.000  22.574
  23.011   9.087  -2.445 -11.011 -16.780 -12.583 -28.109 -14.910   2.560  19.727   0.000   0.000  23.011
  26.715  11.425  -0.325  -9.752 -18.031 -19.181 -24.094 -15.747  -2.193  12.933   0.000   0.000  26.715
  26.854  12.724   0.856  -4.847 -10.752 -16.378 -16.846 -14.159  -5.828   7.045   0.000   0.000  26.854
  28.872  14.898   3.819  -2.172  -9.551 -15.145 -13.231 -16.187 -15.873  11.007   0.000   0.000  28.872
  31.797  15.629   2.882  -6.474 -14.432 -17.962 -15.443 -25.833  -6.111  21.607   0.000   0.000  31.797
  32.405  13.498  -1.194 -13.392 -20.526 -12.636 -29.363 -19.974   4.072  33.276   0.000   0.000  32.405
  26.868   8.564  -7.101 -20.346 -13.709 -13.388 -28.269 -13.938  10.881  33.341   0.000   0.000  26.868
  25.580   7.221  -7.960 -16.470 -14.961 -24.172 -24.710  -8.648   8.824  26.334   0.000   0.000  25.580
  25.631   7.675  -4.120  -7.538  -7.750  -9.421 -11.192  -6.821   2.766  18.565   0.000   0.000  25.631
  25.691   7.708  -3.020  -3.903  -2.316  -0.407  -0.731  -7.122  -6.868  17.837   0.000   0.000  25.691
  24.762   7.280  -2.813  -3.980  -2.917   2.812  -0.847 -20.376  -1.301  23.437   0.000   0.000  24.762
CtermShift_cisDPro_transGly
  24.762   0.000   0.000  23.437  -1.301 -20.376  -0.847   2.812  -2.917  -3.980  -2.813   7.280  24.762
  25.691   0.000   0.000  17.837  -6.868  -7.122  -0.731  -0.407  -2.316  -3.903  -3.020   7.708  25.691
  25.631   0.000   0.000  18.565   2.766  -6.821 -11.192  -9.421  -7.750  -7.538  -4.120   7.675  25.631
  25.580   0.000   0.000  26.334   8.824  -8.648 -24.710 -24.172 -14.961 -16.470  -7.960   7.221  25.580
  26.868   0.000   0.000  33.341  10.881 -13.938 -28.269 -13.388 -13.709 -20.346  -7.101   8.564  26.868
  32.405   0.000   0.000  33.276   4.072 -19.974 -29.363 -12.636 -20.526 -13.392  -1.194  13.498  32.405
  31.797   0.000   0.000  21.607  -6.111 -25.833 -15.443 -17.962 -14.432  -6.474   2.882  15.629  31.797
  28.872   0.000   0.000  11.007 -15.873 -16.187 -13.231 -15.145  -9.551  -2.172   3.819  14.898  28.872
  26.854   0.000   0.000   7.045  -5.828 -14.159 -16.846 -16.378 -10.752  -4.847   0.856  12.724  26.854
  26.715   0.000   0.000  12.933  -2.193 -15.747 -24.094 -19.181 -18.031  -9.752  -0.325  11.425  26.715
  23.011   0.000   0.000  19.727   2.560 -14.910 -28.109 -12.583 -16.780 -11.011  -2.445   9.087  23.011
  22.574   0.000   0.000  24.718   2.113 -16.953 -25.793   1.474 -10.816  -7.669  -2.677   6.958  22.574
  24.762   0.000   0.000  23.437  -1.301 -20.376  -0.847   2.812  -2.917  -3.980  -2.813   7.280  24.762